739
985
1143
610
335
301
1093
697
1166
1158
797
845
1049
1182
272
1233
1204
949
129
740
786
534
1039
954
877
1177
297
745
142
226
632
716
1148
704
235
1192
576
930
404
378
881
660
1083
475
1237
918
1203
280
628
1216
1207
571
1178
997
33
306
1160
869
625
431
561
646
1002
215
984
831
586
530
1209
955
1213
574
126
553
796
382
540
1014
380
303
375
77
360
348
1156
809
795
1034
853
662
416
39
1211
374
123
175
624
48
613
488
98
924
976
22
653
203
591
410
686
111
896
197
176
691
702
93
261
517
1138
525
255
342
134
608
1140
155
585
947
1133
1021
259
819
34
161
746
486
762
363
841
506
509
234
849
750
95
671
1090
736
245
1146
785
49
252
655
377
485
993
371
931
601
432
286
773
5
855
565
599
236
230
457
1226
442
616
319
566
66
83
683
1210
72
659
832
995
1198
1127
196
443
838
18
748
232
209
135
436
518
90
598
760
1038
864
368
248
274
146
1052
895
191
670
937
569
1032
752
307
731
953
575
121
874
1134
902
104
886
520
1175
396
312
1157
178
1222
253
584
50
605
21
863
254
626
418
407
1085
643
771
1053
1162
84
233
420
556
494
399
42
156
942
361
1072
1151
167
929
898
393
1043
572
1115
1126
822
981
182
1116
772
68
539
888
889
1141
685
687
1128
1220
1167
1046
13
1142
143
113
770
149
922
749
573
222
1051
956
237
370
125
1099
199
508
1214
367
92
1114
310
1218
963
1040
535
647
482
945
703
193
495
554
308
640
337
1155
341
148
1074
607
339
782
934
717
325
283
757
946
64
732
110
170
1024
8
1101
706
1096
1105
1012
700
1030
726
424
992
445
862
1017
282
719
279
695
692
74
884
775
292
885
983
764
1057
1076
487
408
206
747
1131
210
1073
743
225
137
200
1132
251
952
548
519
1010
409
1239
906
579
15
313
689
1033
1137
843
694
715
807
1190
278
873
438
65
1056
4
449
707
833
803
907
1095
590
618
684
1195
905
119
923
173
154
1086
897
944
1170
965
986
1136
879
728
597
227
124
1200
705
622
169
811
397
425
968
926
899
669
1117
1129
583
1191
351
971
887
755
829
3
269
1019
31
1066
1035
336
489
268
794
1048
865
1159
289
284
1025
798
1065
657
390
183
273
315
1169
228
919
340
1179
38
1047
668
1125
1172
688
195
672
140
913
184
355
414
602
1163
323
842
130
904
815
1070
223
555
447
372
1223
326
800
221
401
623
883
916
258
204
480
89
859
1
108
304
327
972
587
462
415
951
305
1224
224
1232
238
536
1082
59
23
784
961
629
1068
30
858
217
212
150
6
1091
1009
174
1075
364
521
851
631
612
26
479
1165
1060
190
349
185
160
673
661
141
828
455
419
727
100
890
826
1161
1181
725
667
650
211
1050
1164
769
1104
912
471
630
698
391
422
1108
562
369
680
588
231
830
1000
260
604
1124
737
1058
1119
639
751
844
219
383
1067
82
322
577
88
1152
357
293
102
366
806
870
903
472
394
469
860
528
421
80
358
181
1118
250
1007
696
271
7
460
314
24
790
778
164
928
1205
427
229
1054
172
1106
780
242
614
205
852
466
320
915
594
793
1135
1077
633
1173
998
118
524
1206
722
411
987
144
1111
1197
677
541
611
332
1110
188
1147
243
51
563
550
19
1062
429
402
187
218
988
589
346
812
473
969
244
1005
901
936
964
1003
804
63
989
177
128
892
1171
1121
959
201
62
347
55
1041
180
1016
1103
47
1044
334
453
652
281
710
41
765
256
738
295
543
638
546
208
567
106
290
559
1120
61
634
1227
1139
805
606
85
768
766
451
665
163
581
532
658
296
836
878
848
999
107
114
496
1199
570
693
1112
1202
690
458
982
538
1078
440
101
651
446
1145
840
1042
675
502
386
810
767
1071
523
503
542
1081
321
1092
405
758
288
733
263
1029
970
133
1168
531
973
159
478
122
582
1059
1149
300
333
876
166
617
324
270
373
430
454
676
157
854
529
734
28
467
636
287
459
317
67
753
776
596
1193
620
1238
316
648
552
962
171
239
60
802
943
958
914
266
1185
1036
1234
909
789
501
1201
444
352
1055
823
813
43
246
861
109
1215
400
867
511
189
522
505
564
527
846
277
510
742
1102
179
1026
147
850
730
980
435
96
398
497
1107
463
990
40
875
701
461
11
960
139
265
1064
967
975
711
925
847
151
439
1180
593
311
392
592
568
441
957
526
499
481
27
856
1188
53
754
827
52
741
950
533
302
498
484
437